{
 "cells": [
  {
   "cell_type": "markdown",
   "metadata": {},
   "source": [
    "# 8 - Kidney - SVM - Metrics"
   ]
  },
  {
   "cell_type": "code",
   "execution_count": 1,
   "metadata": {
    "collapsed": true
   },
   "outputs": [],
   "source": [
    "%matplotlib inline  \n",
    "\n",
    "import matplotlib.pyplot as plt\n",
    "import pandas as pd\n",
    "import numpy as np\n",
    "\n",
    "from sklearn import cross_validation, datasets, linear_model\n",
    "\n",
    "pd.options.display.max_columns = 100\n",
    "plt.rcParams['figure.figsize'] = (10.0, 4.0)"
   ]
  },
  {
   "cell_type": "markdown",
   "metadata": {},
   "source": [
    "## El dataset incluye datos médicos de personas con y sin CKD (Chronic Kidney Disease)\n",
    " https://archive.ics.uci.edu/ml/datasets/Chronic_Kidney_Disease"
   ]
  },
  {
   "cell_type": "code",
   "execution_count": 2,
   "metadata": {
    "collapsed": false
   },
   "outputs": [
    {
     "data": {
      "text/html": [
       "<div>\n",
       "<table border=\"1\" class=\"dataframe\">\n",
       "  <thead>\n",
       "    <tr style=\"text-align: right;\">\n",
       "      <th></th>\n",
       "      <th>age</th>\n",
       "      <th>bp</th>\n",
       "      <th>sg</th>\n",
       "      <th>al</th>\n",
       "      <th>su</th>\n",
       "      <th>rbc</th>\n",
       "      <th>pc</th>\n",
       "      <th>pcc</th>\n",
       "      <th>ba</th>\n",
       "      <th>bgr</th>\n",
       "      <th>bu</th>\n",
       "      <th>sc</th>\n",
       "      <th>sod</th>\n",
       "      <th>pot</th>\n",
       "      <th>hemo</th>\n",
       "      <th>pcv</th>\n",
       "      <th>wbcc</th>\n",
       "      <th>rbcc</th>\n",
       "      <th>htn</th>\n",
       "      <th>dn</th>\n",
       "      <th>cad</th>\n",
       "      <th>appet</th>\n",
       "      <th>pe</th>\n",
       "      <th>ane</th>\n",
       "      <th>target</th>\n",
       "    </tr>\n",
       "  </thead>\n",
       "  <tbody>\n",
       "    <tr>\n",
       "      <th>0</th>\n",
       "      <td>48.0</td>\n",
       "      <td>80.0</td>\n",
       "      <td>1.020</td>\n",
       "      <td>1.0</td>\n",
       "      <td>0.0</td>\n",
       "      <td>NaN</td>\n",
       "      <td>True</td>\n",
       "      <td>False</td>\n",
       "      <td>False</td>\n",
       "      <td>121.0</td>\n",
       "      <td>36.0</td>\n",
       "      <td>1.2</td>\n",
       "      <td>NaN</td>\n",
       "      <td>NaN</td>\n",
       "      <td>15.4</td>\n",
       "      <td>44</td>\n",
       "      <td>7800</td>\n",
       "      <td>5.2</td>\n",
       "      <td>True</td>\n",
       "      <td>True</td>\n",
       "      <td>False</td>\n",
       "      <td>True</td>\n",
       "      <td>False</td>\n",
       "      <td>False</td>\n",
       "      <td>True</td>\n",
       "    </tr>\n",
       "    <tr>\n",
       "      <th>1</th>\n",
       "      <td>7.0</td>\n",
       "      <td>50.0</td>\n",
       "      <td>1.020</td>\n",
       "      <td>4.0</td>\n",
       "      <td>0.0</td>\n",
       "      <td>NaN</td>\n",
       "      <td>True</td>\n",
       "      <td>False</td>\n",
       "      <td>False</td>\n",
       "      <td>NaN</td>\n",
       "      <td>18.0</td>\n",
       "      <td>0.8</td>\n",
       "      <td>NaN</td>\n",
       "      <td>NaN</td>\n",
       "      <td>11.3</td>\n",
       "      <td>38</td>\n",
       "      <td>6000</td>\n",
       "      <td>NaN</td>\n",
       "      <td>False</td>\n",
       "      <td>False</td>\n",
       "      <td>False</td>\n",
       "      <td>True</td>\n",
       "      <td>False</td>\n",
       "      <td>False</td>\n",
       "      <td>True</td>\n",
       "    </tr>\n",
       "    <tr>\n",
       "      <th>2</th>\n",
       "      <td>62.0</td>\n",
       "      <td>80.0</td>\n",
       "      <td>1.010</td>\n",
       "      <td>2.0</td>\n",
       "      <td>3.0</td>\n",
       "      <td>True</td>\n",
       "      <td>True</td>\n",
       "      <td>False</td>\n",
       "      <td>False</td>\n",
       "      <td>423.0</td>\n",
       "      <td>53.0</td>\n",
       "      <td>1.8</td>\n",
       "      <td>NaN</td>\n",
       "      <td>NaN</td>\n",
       "      <td>9.6</td>\n",
       "      <td>31</td>\n",
       "      <td>7500</td>\n",
       "      <td>NaN</td>\n",
       "      <td>False</td>\n",
       "      <td>True</td>\n",
       "      <td>False</td>\n",
       "      <td>False</td>\n",
       "      <td>False</td>\n",
       "      <td>True</td>\n",
       "      <td>True</td>\n",
       "    </tr>\n",
       "    <tr>\n",
       "      <th>3</th>\n",
       "      <td>48.0</td>\n",
       "      <td>70.0</td>\n",
       "      <td>1.005</td>\n",
       "      <td>4.0</td>\n",
       "      <td>0.0</td>\n",
       "      <td>True</td>\n",
       "      <td>False</td>\n",
       "      <td>True</td>\n",
       "      <td>False</td>\n",
       "      <td>117.0</td>\n",
       "      <td>56.0</td>\n",
       "      <td>3.8</td>\n",
       "      <td>111.0</td>\n",
       "      <td>2.5</td>\n",
       "      <td>11.2</td>\n",
       "      <td>32</td>\n",
       "      <td>6700</td>\n",
       "      <td>3.9</td>\n",
       "      <td>True</td>\n",
       "      <td>False</td>\n",
       "      <td>False</td>\n",
       "      <td>False</td>\n",
       "      <td>True</td>\n",
       "      <td>True</td>\n",
       "      <td>True</td>\n",
       "    </tr>\n",
       "    <tr>\n",
       "      <th>4</th>\n",
       "      <td>51.0</td>\n",
       "      <td>80.0</td>\n",
       "      <td>1.010</td>\n",
       "      <td>2.0</td>\n",
       "      <td>0.0</td>\n",
       "      <td>True</td>\n",
       "      <td>True</td>\n",
       "      <td>False</td>\n",
       "      <td>False</td>\n",
       "      <td>106.0</td>\n",
       "      <td>26.0</td>\n",
       "      <td>1.4</td>\n",
       "      <td>NaN</td>\n",
       "      <td>NaN</td>\n",
       "      <td>11.6</td>\n",
       "      <td>35</td>\n",
       "      <td>7300</td>\n",
       "      <td>4.6</td>\n",
       "      <td>False</td>\n",
       "      <td>False</td>\n",
       "      <td>False</td>\n",
       "      <td>True</td>\n",
       "      <td>False</td>\n",
       "      <td>False</td>\n",
       "      <td>True</td>\n",
       "    </tr>\n",
       "  </tbody>\n",
       "</table>\n",
       "</div>"
      ],
      "text/plain": [
       "    age    bp     sg   al   su   rbc     pc    pcc     ba    bgr    bu   sc  \\\n",
       "0  48.0  80.0  1.020  1.0  0.0   NaN   True  False  False  121.0  36.0  1.2   \n",
       "1   7.0  50.0  1.020  4.0  0.0   NaN   True  False  False    NaN  18.0  0.8   \n",
       "2  62.0  80.0  1.010  2.0  3.0  True   True  False  False  423.0  53.0  1.8   \n",
       "3  48.0  70.0  1.005  4.0  0.0  True  False   True  False  117.0  56.0  3.8   \n",
       "4  51.0  80.0  1.010  2.0  0.0  True   True  False  False  106.0  26.0  1.4   \n",
       "\n",
       "     sod  pot  hemo pcv  wbcc rbcc    htn     dn    cad  appet     pe    ane  \\\n",
       "0    NaN  NaN  15.4  44  7800  5.2   True   True  False   True  False  False   \n",
       "1    NaN  NaN  11.3  38  6000  NaN  False  False  False   True  False  False   \n",
       "2    NaN  NaN   9.6  31  7500  NaN  False   True  False  False  False   True   \n",
       "3  111.0  2.5  11.2  32  6700  3.9   True  False  False  False   True   True   \n",
       "4    NaN  NaN  11.6  35  7300  4.6  False  False  False   True  False  False   \n",
       "\n",
       "  target  \n",
       "0   True  \n",
       "1   True  \n",
       "2   True  \n",
       "3   True  \n",
       "4   True  "
      ]
     },
     "execution_count": 2,
     "metadata": {},
     "output_type": "execute_result"
    }
   ],
   "source": [
    "# https://archive.ics.uci.edu/ml/datasets/Chronic_Kidney_Disease\n",
    "kidney = pd.read_csv('data/chronic_kidney_disease.csv', sep=',',\n",
    "                           decimal=\".\",header=0,\n",
    "                           true_values=[' yes','\\tyes','yes','present','good','ckd','ckd\\t','normal'],\n",
    "                           false_values=[' no','\\tno','no','notpresent','poor','notckd','abnormal'],\n",
    "                           na_values=['?'])\n",
    "\n",
    "kidney.head()"
   ]
  },
  {
   "cell_type": "code",
   "execution_count": 3,
   "metadata": {
    "collapsed": false
   },
   "outputs": [
    {
     "name": "stderr",
     "output_type": "stream",
     "text": [
      "/home/xurxo/anaconda3/envs/pyml_spk/lib/python3.5/site-packages/numpy/lib/function_base.py:3834: RuntimeWarning: Invalid value encountered in percentile\n",
      "  RuntimeWarning)\n"
     ]
    },
    {
     "data": {
      "text/html": [
       "<div>\n",
       "<table border=\"1\" class=\"dataframe\">\n",
       "  <thead>\n",
       "    <tr style=\"text-align: right;\">\n",
       "      <th></th>\n",
       "      <th>age</th>\n",
       "      <th>bp</th>\n",
       "      <th>sg</th>\n",
       "      <th>al</th>\n",
       "      <th>su</th>\n",
       "      <th>bgr</th>\n",
       "      <th>bu</th>\n",
       "      <th>sc</th>\n",
       "      <th>sod</th>\n",
       "      <th>pot</th>\n",
       "      <th>hemo</th>\n",
       "    </tr>\n",
       "  </thead>\n",
       "  <tbody>\n",
       "    <tr>\n",
       "      <th>count</th>\n",
       "      <td>390.000000</td>\n",
       "      <td>387.000000</td>\n",
       "      <td>352.000000</td>\n",
       "      <td>353.000000</td>\n",
       "      <td>350.000000</td>\n",
       "      <td>355.000000</td>\n",
       "      <td>380.000000</td>\n",
       "      <td>382.000000</td>\n",
       "      <td>312.000000</td>\n",
       "      <td>311.000000</td>\n",
       "      <td>347.000000</td>\n",
       "    </tr>\n",
       "    <tr>\n",
       "      <th>mean</th>\n",
       "      <td>51.423077</td>\n",
       "      <td>76.485788</td>\n",
       "      <td>1.017401</td>\n",
       "      <td>1.019830</td>\n",
       "      <td>0.451429</td>\n",
       "      <td>148.152113</td>\n",
       "      <td>57.450526</td>\n",
       "      <td>3.078403</td>\n",
       "      <td>137.508013</td>\n",
       "      <td>4.630868</td>\n",
       "      <td>12.523343</td>\n",
       "    </tr>\n",
       "    <tr>\n",
       "      <th>std</th>\n",
       "      <td>17.150265</td>\n",
       "      <td>13.697384</td>\n",
       "      <td>0.005723</td>\n",
       "      <td>1.353511</td>\n",
       "      <td>1.100500</td>\n",
       "      <td>79.363566</td>\n",
       "      <td>50.567265</td>\n",
       "      <td>5.747473</td>\n",
       "      <td>10.418992</td>\n",
       "      <td>3.198409</td>\n",
       "      <td>2.916220</td>\n",
       "    </tr>\n",
       "    <tr>\n",
       "      <th>min</th>\n",
       "      <td>2.000000</td>\n",
       "      <td>50.000000</td>\n",
       "      <td>1.005000</td>\n",
       "      <td>0.000000</td>\n",
       "      <td>0.000000</td>\n",
       "      <td>22.000000</td>\n",
       "      <td>1.500000</td>\n",
       "      <td>0.400000</td>\n",
       "      <td>4.500000</td>\n",
       "      <td>2.500000</td>\n",
       "      <td>3.100000</td>\n",
       "    </tr>\n",
       "    <tr>\n",
       "      <th>25%</th>\n",
       "      <td>NaN</td>\n",
       "      <td>NaN</td>\n",
       "      <td>NaN</td>\n",
       "      <td>NaN</td>\n",
       "      <td>NaN</td>\n",
       "      <td>NaN</td>\n",
       "      <td>NaN</td>\n",
       "      <td>NaN</td>\n",
       "      <td>NaN</td>\n",
       "      <td>NaN</td>\n",
       "      <td>NaN</td>\n",
       "    </tr>\n",
       "    <tr>\n",
       "      <th>50%</th>\n",
       "      <td>NaN</td>\n",
       "      <td>NaN</td>\n",
       "      <td>NaN</td>\n",
       "      <td>NaN</td>\n",
       "      <td>NaN</td>\n",
       "      <td>NaN</td>\n",
       "      <td>NaN</td>\n",
       "      <td>NaN</td>\n",
       "      <td>NaN</td>\n",
       "      <td>NaN</td>\n",
       "      <td>NaN</td>\n",
       "    </tr>\n",
       "    <tr>\n",
       "      <th>75%</th>\n",
       "      <td>NaN</td>\n",
       "      <td>NaN</td>\n",
       "      <td>NaN</td>\n",
       "      <td>NaN</td>\n",
       "      <td>NaN</td>\n",
       "      <td>NaN</td>\n",
       "      <td>NaN</td>\n",
       "      <td>NaN</td>\n",
       "      <td>NaN</td>\n",
       "      <td>NaN</td>\n",
       "      <td>NaN</td>\n",
       "    </tr>\n",
       "    <tr>\n",
       "      <th>max</th>\n",
       "      <td>90.000000</td>\n",
       "      <td>180.000000</td>\n",
       "      <td>1.025000</td>\n",
       "      <td>5.000000</td>\n",
       "      <td>5.000000</td>\n",
       "      <td>490.000000</td>\n",
       "      <td>391.000000</td>\n",
       "      <td>76.000000</td>\n",
       "      <td>163.000000</td>\n",
       "      <td>47.000000</td>\n",
       "      <td>17.800000</td>\n",
       "    </tr>\n",
       "  </tbody>\n",
       "</table>\n",
       "</div>"
      ],
      "text/plain": [
       "              age          bp          sg          al          su         bgr  \\\n",
       "count  390.000000  387.000000  352.000000  353.000000  350.000000  355.000000   \n",
       "mean    51.423077   76.485788    1.017401    1.019830    0.451429  148.152113   \n",
       "std     17.150265   13.697384    0.005723    1.353511    1.100500   79.363566   \n",
       "min      2.000000   50.000000    1.005000    0.000000    0.000000   22.000000   \n",
       "25%           NaN         NaN         NaN         NaN         NaN         NaN   \n",
       "50%           NaN         NaN         NaN         NaN         NaN         NaN   \n",
       "75%           NaN         NaN         NaN         NaN         NaN         NaN   \n",
       "max     90.000000  180.000000    1.025000    5.000000    5.000000  490.000000   \n",
       "\n",
       "               bu          sc         sod         pot        hemo  \n",
       "count  380.000000  382.000000  312.000000  311.000000  347.000000  \n",
       "mean    57.450526    3.078403  137.508013    4.630868   12.523343  \n",
       "std     50.567265    5.747473   10.418992    3.198409    2.916220  \n",
       "min      1.500000    0.400000    4.500000    2.500000    3.100000  \n",
       "25%           NaN         NaN         NaN         NaN         NaN  \n",
       "50%           NaN         NaN         NaN         NaN         NaN  \n",
       "75%           NaN         NaN         NaN         NaN         NaN  \n",
       "max    391.000000   76.000000  163.000000   47.000000   17.800000  "
      ]
     },
     "execution_count": 3,
     "metadata": {},
     "output_type": "execute_result"
    }
   ],
   "source": [
    "kidney.describe()"
   ]
  },
  {
   "cell_type": "code",
   "execution_count": 4,
   "metadata": {
    "collapsed": false
   },
   "outputs": [],
   "source": [
    "_ =kidney.fillna(kidney.mean(),inplace=True)\n",
    "# kidney.describe()"
   ]
  },
  {
   "cell_type": "code",
   "execution_count": 5,
   "metadata": {
    "collapsed": false
   },
   "outputs": [],
   "source": [
    "kidney.dropna( inplace=True)\n",
    "# kidney.describe()"
   ]
  },
  {
   "cell_type": "code",
   "execution_count": 6,
   "metadata": {
    "collapsed": false
   },
   "outputs": [],
   "source": [
    "# kidney.head()"
   ]
  },
  {
   "cell_type": "code",
   "execution_count": 7,
   "metadata": {
    "collapsed": false
   },
   "outputs": [],
   "source": [
    "kidney['rbc'] = kidney['rbc'].astype(int)\n",
    "kidney['pcc'] = kidney['pcc'].astype(int)\n",
    "kidney['ba'] =  kidney['ba'].astype(int)\n",
    "kidney['htn'] = kidney['htn'].astype(int)\n",
    "kidney['dn'] =  kidney['dn'].astype(int)\n",
    "kidney['cad'] = kidney['cad'].astype(int)\n",
    "kidney['appet']=kidney['appet'].astype(int)\n",
    "kidney['pe'] =  kidney['pe'].astype(int)\n",
    "kidney['ane'] = kidney['ane'].astype(int)\n",
    "kidney['target']=kidney['target'].astype(int)"
   ]
  },
  {
   "cell_type": "code",
   "execution_count": 8,
   "metadata": {
    "collapsed": false
   },
   "outputs": [
    {
     "data": {
      "text/html": [
       "<div>\n",
       "<table border=\"1\" class=\"dataframe\">\n",
       "  <thead>\n",
       "    <tr style=\"text-align: right;\">\n",
       "      <th></th>\n",
       "      <th>age</th>\n",
       "      <th>bp</th>\n",
       "      <th>sg</th>\n",
       "      <th>al</th>\n",
       "      <th>su</th>\n",
       "      <th>rbc</th>\n",
       "      <th>pcc</th>\n",
       "      <th>ba</th>\n",
       "      <th>bgr</th>\n",
       "      <th>bu</th>\n",
       "      <th>sc</th>\n",
       "      <th>sod</th>\n",
       "      <th>pot</th>\n",
       "      <th>hemo</th>\n",
       "      <th>htn</th>\n",
       "      <th>dn</th>\n",
       "      <th>cad</th>\n",
       "      <th>appet</th>\n",
       "      <th>pe</th>\n",
       "      <th>ane</th>\n",
       "      <th>target</th>\n",
       "    </tr>\n",
       "  </thead>\n",
       "  <tbody>\n",
       "    <tr>\n",
       "      <th>age</th>\n",
       "      <td>1.000000</td>\n",
       "      <td>0.078671</td>\n",
       "      <td>-0.271744</td>\n",
       "      <td>0.248671</td>\n",
       "      <td>0.173503</td>\n",
       "      <td>-0.116730</td>\n",
       "      <td>0.198091</td>\n",
       "      <td>0.058967</td>\n",
       "      <td>0.250260</td>\n",
       "      <td>0.199975</td>\n",
       "      <td>0.183397</td>\n",
       "      <td>-0.094656</td>\n",
       "      <td>0.006788</td>\n",
       "      <td>-0.220623</td>\n",
       "      <td>0.358401</td>\n",
       "      <td>0.299961</td>\n",
       "      <td>0.274526</td>\n",
       "      <td>-0.213245</td>\n",
       "      <td>0.210419</td>\n",
       "      <td>0.132792</td>\n",
       "      <td>0.286474</td>\n",
       "    </tr>\n",
       "    <tr>\n",
       "      <th>bp</th>\n",
       "      <td>0.078671</td>\n",
       "      <td>1.000000</td>\n",
       "      <td>-0.251330</td>\n",
       "      <td>0.346519</td>\n",
       "      <td>0.179453</td>\n",
       "      <td>-0.347990</td>\n",
       "      <td>0.205949</td>\n",
       "      <td>0.206076</td>\n",
       "      <td>0.180805</td>\n",
       "      <td>0.280567</td>\n",
       "      <td>0.343800</td>\n",
       "      <td>-0.247670</td>\n",
       "      <td>0.116672</td>\n",
       "      <td>-0.310126</td>\n",
       "      <td>0.402389</td>\n",
       "      <td>0.255087</td>\n",
       "      <td>0.221728</td>\n",
       "      <td>-0.198932</td>\n",
       "      <td>0.112290</td>\n",
       "      <td>0.318828</td>\n",
       "      <td>0.393126</td>\n",
       "    </tr>\n",
       "    <tr>\n",
       "      <th>sg</th>\n",
       "      <td>-0.271744</td>\n",
       "      <td>-0.251330</td>\n",
       "      <td>1.000000</td>\n",
       "      <td>-0.691076</td>\n",
       "      <td>-0.385611</td>\n",
       "      <td>0.419159</td>\n",
       "      <td>-0.467166</td>\n",
       "      <td>-0.452848</td>\n",
       "      <td>-0.482376</td>\n",
       "      <td>-0.450564</td>\n",
       "      <td>-0.459765</td>\n",
       "      <td>0.477546</td>\n",
       "      <td>-0.058870</td>\n",
       "      <td>0.649159</td>\n",
       "      <td>-0.648892</td>\n",
       "      <td>-0.601667</td>\n",
       "      <td>-0.337673</td>\n",
       "      <td>0.506517</td>\n",
       "      <td>-0.534770</td>\n",
       "      <td>-0.359309</td>\n",
       "      <td>-0.786543</td>\n",
       "    </tr>\n",
       "    <tr>\n",
       "      <th>al</th>\n",
       "      <td>0.248671</td>\n",
       "      <td>0.346519</td>\n",
       "      <td>-0.691076</td>\n",
       "      <td>1.000000</td>\n",
       "      <td>0.473488</td>\n",
       "      <td>-0.447137</td>\n",
       "      <td>0.471776</td>\n",
       "      <td>0.531949</td>\n",
       "      <td>0.477725</td>\n",
       "      <td>0.640476</td>\n",
       "      <td>0.647211</td>\n",
       "      <td>-0.581206</td>\n",
       "      <td>0.185120</td>\n",
       "      <td>-0.781630</td>\n",
       "      <td>0.778937</td>\n",
       "      <td>0.667577</td>\n",
       "      <td>0.399019</td>\n",
       "      <td>-0.593596</td>\n",
       "      <td>0.595463</td>\n",
       "      <td>0.553365</td>\n",
       "      <td>0.899095</td>\n",
       "    </tr>\n",
       "    <tr>\n",
       "      <th>su</th>\n",
       "      <td>0.173503</td>\n",
       "      <td>0.179453</td>\n",
       "      <td>-0.385611</td>\n",
       "      <td>0.473488</td>\n",
       "      <td>1.000000</td>\n",
       "      <td>-0.197556</td>\n",
       "      <td>0.185714</td>\n",
       "      <td>0.293686</td>\n",
       "      <td>0.708248</td>\n",
       "      <td>0.251132</td>\n",
       "      <td>0.290790</td>\n",
       "      <td>-0.215836</td>\n",
       "      <td>0.237393</td>\n",
       "      <td>-0.341771</td>\n",
       "      <td>0.465009</td>\n",
       "      <td>0.556855</td>\n",
       "      <td>0.459836</td>\n",
       "      <td>-0.202942</td>\n",
       "      <td>0.413859</td>\n",
       "      <td>0.118966</td>\n",
       "      <td>0.463565</td>\n",
       "    </tr>\n",
       "    <tr>\n",
       "      <th>rbc</th>\n",
       "      <td>-0.116730</td>\n",
       "      <td>-0.347990</td>\n",
       "      <td>0.419159</td>\n",
       "      <td>-0.447137</td>\n",
       "      <td>-0.197556</td>\n",
       "      <td>1.000000</td>\n",
       "      <td>-0.094516</td>\n",
       "      <td>-0.272895</td>\n",
       "      <td>-0.444876</td>\n",
       "      <td>-0.389352</td>\n",
       "      <td>-0.426826</td>\n",
       "      <td>0.367871</td>\n",
       "      <td>0.006454</td>\n",
       "      <td>0.443146</td>\n",
       "      <td>-0.444272</td>\n",
       "      <td>-0.483285</td>\n",
       "      <td>-0.290226</td>\n",
       "      <td>0.402984</td>\n",
       "      <td>-0.293281</td>\n",
       "      <td>-0.276680</td>\n",
       "      <td>-0.549599</td>\n",
       "    </tr>\n",
       "    <tr>\n",
       "      <th>pcc</th>\n",
       "      <td>0.198091</td>\n",
       "      <td>0.205949</td>\n",
       "      <td>-0.467166</td>\n",
       "      <td>0.471776</td>\n",
       "      <td>0.185714</td>\n",
       "      <td>-0.094516</td>\n",
       "      <td>1.000000</td>\n",
       "      <td>0.306420</td>\n",
       "      <td>0.235835</td>\n",
       "      <td>0.345065</td>\n",
       "      <td>0.338220</td>\n",
       "      <td>-0.398383</td>\n",
       "      <td>-0.027103</td>\n",
       "      <td>-0.508134</td>\n",
       "      <td>0.463514</td>\n",
       "      <td>0.363901</td>\n",
       "      <td>0.324291</td>\n",
       "      <td>-0.452491</td>\n",
       "      <td>0.334065</td>\n",
       "      <td>0.480107</td>\n",
       "      <td>0.506061</td>\n",
       "    </tr>\n",
       "    <tr>\n",
       "      <th>ba</th>\n",
       "      <td>0.058967</td>\n",
       "      <td>0.206076</td>\n",
       "      <td>-0.452848</td>\n",
       "      <td>0.531949</td>\n",
       "      <td>0.293686</td>\n",
       "      <td>-0.272895</td>\n",
       "      <td>0.306420</td>\n",
       "      <td>1.000000</td>\n",
       "      <td>0.268685</td>\n",
       "      <td>0.245016</td>\n",
       "      <td>0.226175</td>\n",
       "      <td>-0.240113</td>\n",
       "      <td>-0.002843</td>\n",
       "      <td>-0.394553</td>\n",
       "      <td>0.307141</td>\n",
       "      <td>0.315798</td>\n",
       "      <td>0.320553</td>\n",
       "      <td>-0.220319</td>\n",
       "      <td>0.364401</td>\n",
       "      <td>0.146465</td>\n",
       "      <td>0.427926</td>\n",
       "    </tr>\n",
       "    <tr>\n",
       "      <th>bgr</th>\n",
       "      <td>0.250260</td>\n",
       "      <td>0.180805</td>\n",
       "      <td>-0.482376</td>\n",
       "      <td>0.477725</td>\n",
       "      <td>0.708248</td>\n",
       "      <td>-0.444876</td>\n",
       "      <td>0.235835</td>\n",
       "      <td>0.268685</td>\n",
       "      <td>1.000000</td>\n",
       "      <td>0.277526</td>\n",
       "      <td>0.287747</td>\n",
       "      <td>-0.262806</td>\n",
       "      <td>0.095147</td>\n",
       "      <td>-0.403774</td>\n",
       "      <td>0.504870</td>\n",
       "      <td>0.621676</td>\n",
       "      <td>0.387956</td>\n",
       "      <td>-0.318897</td>\n",
       "      <td>0.363457</td>\n",
       "      <td>0.167150</td>\n",
       "      <td>0.558869</td>\n",
       "    </tr>\n",
       "    <tr>\n",
       "      <th>bu</th>\n",
       "      <td>0.199975</td>\n",
       "      <td>0.280567</td>\n",
       "      <td>-0.450564</td>\n",
       "      <td>0.640476</td>\n",
       "      <td>0.251132</td>\n",
       "      <td>-0.389352</td>\n",
       "      <td>0.345065</td>\n",
       "      <td>0.245016</td>\n",
       "      <td>0.277526</td>\n",
       "      <td>1.000000</td>\n",
       "      <td>0.903476</td>\n",
       "      <td>-0.519439</td>\n",
       "      <td>0.211523</td>\n",
       "      <td>-0.704771</td>\n",
       "      <td>0.608534</td>\n",
       "      <td>0.540774</td>\n",
       "      <td>0.377348</td>\n",
       "      <td>-0.549824</td>\n",
       "      <td>0.622821</td>\n",
       "      <td>0.646206</td>\n",
       "      <td>0.626693</td>\n",
       "    </tr>\n",
       "    <tr>\n",
       "      <th>sc</th>\n",
       "      <td>0.183397</td>\n",
       "      <td>0.343800</td>\n",
       "      <td>-0.459765</td>\n",
       "      <td>0.647211</td>\n",
       "      <td>0.290790</td>\n",
       "      <td>-0.426826</td>\n",
       "      <td>0.338220</td>\n",
       "      <td>0.226175</td>\n",
       "      <td>0.287747</td>\n",
       "      <td>0.903476</td>\n",
       "      <td>1.000000</td>\n",
       "      <td>-0.571216</td>\n",
       "      <td>0.131951</td>\n",
       "      <td>-0.726350</td>\n",
       "      <td>0.634210</td>\n",
       "      <td>0.554909</td>\n",
       "      <td>0.354317</td>\n",
       "      <td>-0.555164</td>\n",
       "      <td>0.654664</td>\n",
       "      <td>0.646252</td>\n",
       "      <td>0.650860</td>\n",
       "    </tr>\n",
       "    <tr>\n",
       "      <th>sod</th>\n",
       "      <td>-0.094656</td>\n",
       "      <td>-0.247670</td>\n",
       "      <td>0.477546</td>\n",
       "      <td>-0.581206</td>\n",
       "      <td>-0.215836</td>\n",
       "      <td>0.367871</td>\n",
       "      <td>-0.398383</td>\n",
       "      <td>-0.240113</td>\n",
       "      <td>-0.262806</td>\n",
       "      <td>-0.519439</td>\n",
       "      <td>-0.571216</td>\n",
       "      <td>1.000000</td>\n",
       "      <td>-0.051346</td>\n",
       "      <td>0.597258</td>\n",
       "      <td>-0.526845</td>\n",
       "      <td>-0.471370</td>\n",
       "      <td>-0.232745</td>\n",
       "      <td>0.495662</td>\n",
       "      <td>-0.477930</td>\n",
       "      <td>-0.535403</td>\n",
       "      <td>-0.617902</td>\n",
       "    </tr>\n",
       "    <tr>\n",
       "      <th>pot</th>\n",
       "      <td>0.006788</td>\n",
       "      <td>0.116672</td>\n",
       "      <td>-0.058870</td>\n",
       "      <td>0.185120</td>\n",
       "      <td>0.237393</td>\n",
       "      <td>0.006454</td>\n",
       "      <td>-0.027103</td>\n",
       "      <td>-0.002843</td>\n",
       "      <td>0.095147</td>\n",
       "      <td>0.211523</td>\n",
       "      <td>0.131951</td>\n",
       "      <td>-0.051346</td>\n",
       "      <td>1.000000</td>\n",
       "      <td>-0.179777</td>\n",
       "      <td>0.158684</td>\n",
       "      <td>0.166440</td>\n",
       "      <td>0.006498</td>\n",
       "      <td>0.003146</td>\n",
       "      <td>0.016592</td>\n",
       "      <td>0.224538</td>\n",
       "      <td>0.134790</td>\n",
       "    </tr>\n",
       "    <tr>\n",
       "      <th>hemo</th>\n",
       "      <td>-0.220623</td>\n",
       "      <td>-0.310126</td>\n",
       "      <td>0.649159</td>\n",
       "      <td>-0.781630</td>\n",
       "      <td>-0.341771</td>\n",
       "      <td>0.443146</td>\n",
       "      <td>-0.508134</td>\n",
       "      <td>-0.394553</td>\n",
       "      <td>-0.403774</td>\n",
       "      <td>-0.704771</td>\n",
       "      <td>-0.726350</td>\n",
       "      <td>0.597258</td>\n",
       "      <td>-0.179777</td>\n",
       "      <td>1.000000</td>\n",
       "      <td>-0.752342</td>\n",
       "      <td>-0.672553</td>\n",
       "      <td>-0.374910</td>\n",
       "      <td>0.647229</td>\n",
       "      <td>-0.595989</td>\n",
       "      <td>-0.639768</td>\n",
       "      <td>-0.831598</td>\n",
       "    </tr>\n",
       "    <tr>\n",
       "      <th>htn</th>\n",
       "      <td>0.358401</td>\n",
       "      <td>0.402389</td>\n",
       "      <td>-0.648892</td>\n",
       "      <td>0.778937</td>\n",
       "      <td>0.465009</td>\n",
       "      <td>-0.444272</td>\n",
       "      <td>0.463514</td>\n",
       "      <td>0.307141</td>\n",
       "      <td>0.504870</td>\n",
       "      <td>0.608534</td>\n",
       "      <td>0.634210</td>\n",
       "      <td>-0.526845</td>\n",
       "      <td>0.158684</td>\n",
       "      <td>-0.752342</td>\n",
       "      <td>1.000000</td>\n",
       "      <td>0.743315</td>\n",
       "      <td>0.477231</td>\n",
       "      <td>-0.628515</td>\n",
       "      <td>0.539757</td>\n",
       "      <td>0.560473</td>\n",
       "      <td>0.861522</td>\n",
       "    </tr>\n",
       "    <tr>\n",
       "      <th>dn</th>\n",
       "      <td>0.299961</td>\n",
       "      <td>0.255087</td>\n",
       "      <td>-0.601667</td>\n",
       "      <td>0.667577</td>\n",
       "      <td>0.556855</td>\n",
       "      <td>-0.483285</td>\n",
       "      <td>0.363901</td>\n",
       "      <td>0.315798</td>\n",
       "      <td>0.621676</td>\n",
       "      <td>0.540774</td>\n",
       "      <td>0.554909</td>\n",
       "      <td>-0.471370</td>\n",
       "      <td>0.166440</td>\n",
       "      <td>-0.672553</td>\n",
       "      <td>0.743315</td>\n",
       "      <td>1.000000</td>\n",
       "      <td>0.443389</td>\n",
       "      <td>-0.541928</td>\n",
       "      <td>0.631698</td>\n",
       "      <td>0.357777</td>\n",
       "      <td>0.748466</td>\n",
       "    </tr>\n",
       "    <tr>\n",
       "      <th>cad</th>\n",
       "      <td>0.274526</td>\n",
       "      <td>0.221728</td>\n",
       "      <td>-0.337673</td>\n",
       "      <td>0.399019</td>\n",
       "      <td>0.459836</td>\n",
       "      <td>-0.290226</td>\n",
       "      <td>0.324291</td>\n",
       "      <td>0.320553</td>\n",
       "      <td>0.387956</td>\n",
       "      <td>0.377348</td>\n",
       "      <td>0.354317</td>\n",
       "      <td>-0.232745</td>\n",
       "      <td>0.006498</td>\n",
       "      <td>-0.374910</td>\n",
       "      <td>0.477231</td>\n",
       "      <td>0.443389</td>\n",
       "      <td>1.000000</td>\n",
       "      <td>-0.177914</td>\n",
       "      <td>0.261628</td>\n",
       "      <td>0.224818</td>\n",
       "      <td>0.411145</td>\n",
       "    </tr>\n",
       "    <tr>\n",
       "      <th>appet</th>\n",
       "      <td>-0.213245</td>\n",
       "      <td>-0.198932</td>\n",
       "      <td>0.506517</td>\n",
       "      <td>-0.593596</td>\n",
       "      <td>-0.202942</td>\n",
       "      <td>0.402984</td>\n",
       "      <td>-0.452491</td>\n",
       "      <td>-0.220319</td>\n",
       "      <td>-0.318897</td>\n",
       "      <td>-0.549824</td>\n",
       "      <td>-0.555164</td>\n",
       "      <td>0.495662</td>\n",
       "      <td>0.003146</td>\n",
       "      <td>0.647229</td>\n",
       "      <td>-0.628515</td>\n",
       "      <td>-0.541928</td>\n",
       "      <td>-0.177914</td>\n",
       "      <td>1.000000</td>\n",
       "      <td>-0.582309</td>\n",
       "      <td>-0.543008</td>\n",
       "      <td>-0.631918</td>\n",
       "    </tr>\n",
       "    <tr>\n",
       "      <th>pe</th>\n",
       "      <td>0.210419</td>\n",
       "      <td>0.112290</td>\n",
       "      <td>-0.534770</td>\n",
       "      <td>0.595463</td>\n",
       "      <td>0.413859</td>\n",
       "      <td>-0.293281</td>\n",
       "      <td>0.334065</td>\n",
       "      <td>0.364401</td>\n",
       "      <td>0.363457</td>\n",
       "      <td>0.622821</td>\n",
       "      <td>0.654664</td>\n",
       "      <td>-0.477930</td>\n",
       "      <td>0.016592</td>\n",
       "      <td>-0.595989</td>\n",
       "      <td>0.539757</td>\n",
       "      <td>0.631698</td>\n",
       "      <td>0.261628</td>\n",
       "      <td>-0.582309</td>\n",
       "      <td>1.000000</td>\n",
       "      <td>0.391130</td>\n",
       "      <td>0.591411</td>\n",
       "    </tr>\n",
       "    <tr>\n",
       "      <th>ane</th>\n",
       "      <td>0.132792</td>\n",
       "      <td>0.318828</td>\n",
       "      <td>-0.359309</td>\n",
       "      <td>0.553365</td>\n",
       "      <td>0.118966</td>\n",
       "      <td>-0.276680</td>\n",
       "      <td>0.480107</td>\n",
       "      <td>0.146465</td>\n",
       "      <td>0.167150</td>\n",
       "      <td>0.646206</td>\n",
       "      <td>0.646252</td>\n",
       "      <td>-0.535403</td>\n",
       "      <td>0.224538</td>\n",
       "      <td>-0.639768</td>\n",
       "      <td>0.560473</td>\n",
       "      <td>0.357777</td>\n",
       "      <td>0.224818</td>\n",
       "      <td>-0.543008</td>\n",
       "      <td>0.391130</td>\n",
       "      <td>1.000000</td>\n",
       "      <td>0.549599</td>\n",
       "    </tr>\n",
       "    <tr>\n",
       "      <th>target</th>\n",
       "      <td>0.286474</td>\n",
       "      <td>0.393126</td>\n",
       "      <td>-0.786543</td>\n",
       "      <td>0.899095</td>\n",
       "      <td>0.463565</td>\n",
       "      <td>-0.549599</td>\n",
       "      <td>0.506061</td>\n",
       "      <td>0.427926</td>\n",
       "      <td>0.558869</td>\n",
       "      <td>0.626693</td>\n",
       "      <td>0.650860</td>\n",
       "      <td>-0.617902</td>\n",
       "      <td>0.134790</td>\n",
       "      <td>-0.831598</td>\n",
       "      <td>0.861522</td>\n",
       "      <td>0.748466</td>\n",
       "      <td>0.411145</td>\n",
       "      <td>-0.631918</td>\n",
       "      <td>0.591411</td>\n",
       "      <td>0.549599</td>\n",
       "      <td>1.000000</td>\n",
       "    </tr>\n",
       "  </tbody>\n",
       "</table>\n",
       "</div>"
      ],
      "text/plain": [
       "             age        bp        sg        al        su       rbc       pcc  \\\n",
       "age     1.000000  0.078671 -0.271744  0.248671  0.173503 -0.116730  0.198091   \n",
       "bp      0.078671  1.000000 -0.251330  0.346519  0.179453 -0.347990  0.205949   \n",
       "sg     -0.271744 -0.251330  1.000000 -0.691076 -0.385611  0.419159 -0.467166   \n",
       "al      0.248671  0.346519 -0.691076  1.000000  0.473488 -0.447137  0.471776   \n",
       "su      0.173503  0.179453 -0.385611  0.473488  1.000000 -0.197556  0.185714   \n",
       "rbc    -0.116730 -0.347990  0.419159 -0.447137 -0.197556  1.000000 -0.094516   \n",
       "pcc     0.198091  0.205949 -0.467166  0.471776  0.185714 -0.094516  1.000000   \n",
       "ba      0.058967  0.206076 -0.452848  0.531949  0.293686 -0.272895  0.306420   \n",
       "bgr     0.250260  0.180805 -0.482376  0.477725  0.708248 -0.444876  0.235835   \n",
       "bu      0.199975  0.280567 -0.450564  0.640476  0.251132 -0.389352  0.345065   \n",
       "sc      0.183397  0.343800 -0.459765  0.647211  0.290790 -0.426826  0.338220   \n",
       "sod    -0.094656 -0.247670  0.477546 -0.581206 -0.215836  0.367871 -0.398383   \n",
       "pot     0.006788  0.116672 -0.058870  0.185120  0.237393  0.006454 -0.027103   \n",
       "hemo   -0.220623 -0.310126  0.649159 -0.781630 -0.341771  0.443146 -0.508134   \n",
       "htn     0.358401  0.402389 -0.648892  0.778937  0.465009 -0.444272  0.463514   \n",
       "dn      0.299961  0.255087 -0.601667  0.667577  0.556855 -0.483285  0.363901   \n",
       "cad     0.274526  0.221728 -0.337673  0.399019  0.459836 -0.290226  0.324291   \n",
       "appet  -0.213245 -0.198932  0.506517 -0.593596 -0.202942  0.402984 -0.452491   \n",
       "pe      0.210419  0.112290 -0.534770  0.595463  0.413859 -0.293281  0.334065   \n",
       "ane     0.132792  0.318828 -0.359309  0.553365  0.118966 -0.276680  0.480107   \n",
       "target  0.286474  0.393126 -0.786543  0.899095  0.463565 -0.549599  0.506061   \n",
       "\n",
       "              ba       bgr        bu        sc       sod       pot      hemo  \\\n",
       "age     0.058967  0.250260  0.199975  0.183397 -0.094656  0.006788 -0.220623   \n",
       "bp      0.206076  0.180805  0.280567  0.343800 -0.247670  0.116672 -0.310126   \n",
       "sg     -0.452848 -0.482376 -0.450564 -0.459765  0.477546 -0.058870  0.649159   \n",
       "al      0.531949  0.477725  0.640476  0.647211 -0.581206  0.185120 -0.781630   \n",
       "su      0.293686  0.708248  0.251132  0.290790 -0.215836  0.237393 -0.341771   \n",
       "rbc    -0.272895 -0.444876 -0.389352 -0.426826  0.367871  0.006454  0.443146   \n",
       "pcc     0.306420  0.235835  0.345065  0.338220 -0.398383 -0.027103 -0.508134   \n",
       "ba      1.000000  0.268685  0.245016  0.226175 -0.240113 -0.002843 -0.394553   \n",
       "bgr     0.268685  1.000000  0.277526  0.287747 -0.262806  0.095147 -0.403774   \n",
       "bu      0.245016  0.277526  1.000000  0.903476 -0.519439  0.211523 -0.704771   \n",
       "sc      0.226175  0.287747  0.903476  1.000000 -0.571216  0.131951 -0.726350   \n",
       "sod    -0.240113 -0.262806 -0.519439 -0.571216  1.000000 -0.051346  0.597258   \n",
       "pot    -0.002843  0.095147  0.211523  0.131951 -0.051346  1.000000 -0.179777   \n",
       "hemo   -0.394553 -0.403774 -0.704771 -0.726350  0.597258 -0.179777  1.000000   \n",
       "htn     0.307141  0.504870  0.608534  0.634210 -0.526845  0.158684 -0.752342   \n",
       "dn      0.315798  0.621676  0.540774  0.554909 -0.471370  0.166440 -0.672553   \n",
       "cad     0.320553  0.387956  0.377348  0.354317 -0.232745  0.006498 -0.374910   \n",
       "appet  -0.220319 -0.318897 -0.549824 -0.555164  0.495662  0.003146  0.647229   \n",
       "pe      0.364401  0.363457  0.622821  0.654664 -0.477930  0.016592 -0.595989   \n",
       "ane     0.146465  0.167150  0.646206  0.646252 -0.535403  0.224538 -0.639768   \n",
       "target  0.427926  0.558869  0.626693  0.650860 -0.617902  0.134790 -0.831598   \n",
       "\n",
       "             htn        dn       cad     appet        pe       ane    target  \n",
       "age     0.358401  0.299961  0.274526 -0.213245  0.210419  0.132792  0.286474  \n",
       "bp      0.402389  0.255087  0.221728 -0.198932  0.112290  0.318828  0.393126  \n",
       "sg     -0.648892 -0.601667 -0.337673  0.506517 -0.534770 -0.359309 -0.786543  \n",
       "al      0.778937  0.667577  0.399019 -0.593596  0.595463  0.553365  0.899095  \n",
       "su      0.465009  0.556855  0.459836 -0.202942  0.413859  0.118966  0.463565  \n",
       "rbc    -0.444272 -0.483285 -0.290226  0.402984 -0.293281 -0.276680 -0.549599  \n",
       "pcc     0.463514  0.363901  0.324291 -0.452491  0.334065  0.480107  0.506061  \n",
       "ba      0.307141  0.315798  0.320553 -0.220319  0.364401  0.146465  0.427926  \n",
       "bgr     0.504870  0.621676  0.387956 -0.318897  0.363457  0.167150  0.558869  \n",
       "bu      0.608534  0.540774  0.377348 -0.549824  0.622821  0.646206  0.626693  \n",
       "sc      0.634210  0.554909  0.354317 -0.555164  0.654664  0.646252  0.650860  \n",
